time,x,y,z,phi,theta,psi,x_velocity,y_velocity,z_velocity,phi_velocity,theta_velocity,psi_velocity,rotor_speed1,rotor_speed2,rotor_speed3,rotor_speed4
0.06,-2.05314677609e-07,2.87966037677e-07,10.0065940775,6.28268952713,0.000180966539893,0.0,-1.8392313069e-05,-7.86562856793e-06,0.219785346114,-0.0349932026709,0.0084532500147,0.0,472.19177857868397,472.84327488572546,475.5916832937717,472.90440472114346
0.12000000000000001,-6.7402850366e-06,-1.80060531441e-05,10.0221901473,6.28046449923,0.000430416494476,0.0,-0.000238704223195,-0.000815819484839,0.30006509608,-0.0416311015238,-0.00623159885875,0.0,431.4863581121003,430.24501465727707,430.7371241290451,430.17479516361425
0.18,-2.9714999254e-05,-0.000143991020941,10.0467848599,6.27810946635,6.28300175476,0.0,-0.000469784374803,-0.00367349137843,0.519683144345,-0.0348713710339,-0.0197605203463,0.0,474.2059446977847,473.1658513333506,472.9757116880158,473.49526798220865
0.23999999999999996,-4.87155104276e-05,-0.000487735458524,10.0829657153,6.27638227565,6.2814803186,0.0,-1.59854549087e-05,-0.00799540800342,0.686258379269,-0.0187771413609,-0.039943447933,0.0,459.2264902443705,457.6228233409817,456.62562652729497,457.9072721055105
0.3,-1.18412952703e-06,-0.00112512506602,10.129031101,6.27561168278,6.27873435119,0.0,0.00188218673182,-0.0133534621221,0.849145784515,-0.00303956545843,-0.0611569999417,0.0,457.3956528071518,455.70202410906234,456.6825298875906,457.9360242544561
0.36000000000000004,0.000241068528599,-0.00211798773661,10.1875308791,6.27554417576,6.27507514274,0.0,0.00664778148947,-0.019755609015,1.10063620051,0.00245271971023,-0.060648726682,0.0,483.89986423420004,483.9357992136871,482.5610769450789,482.9754616614899
0.4200000000000001,0.000852996038861,-0.00348805957634,10.2601608365,6.27555616012,6.27108942416,0.0,0.0141996787426,-0.0259016694964,1.32013073339,-0.00473745718784,-0.0816605062086,0.0,475.04252628661595,473.4256056725661,475.0935318456264,474.5419832685888
0.48000000000000015,0.00196441266249,-0.0051955168274,10.341661594,6.27509825488,6.26620011668,0.0,0.0233284582954,-0.0310486717013,1.39646370899,-0.0141604062209,-0.0811467785229,0.0,432.04193229245266,432.07965664385677,430.53866814618993,429.7408608978776
0.5400000000000001,0.0037560957352,-0.00723916871992,10.4297077052,6.27421480282,6.26142112084,0.0,0.0369127481878,-0.0371652280084,1.53821570687,-0.015876282359,-0.0768144285192,0.0,452.28455172814466,452.628332248021,451.4484018701464,451.31005166277225
0.6000000000000002,0.0064346141656,-0.00965650055612,10.5248393189,6.27336504122,6.25668072818,0.0,0.0528407995974,-0.0435022120671,1.63269522178,-0.010938789128,-0.0837938537556,0.0,437.7349240295548,437.1486497975617,437.4629304776437,437.87394452276254
0.6600000000000003,0.0100760978363,-0.0124373273431,10.6223055099,6.27265741486,6.25159190438,0.0,0.0689712520856,-0.0492499282156,1.61618787696,-0.0135610058727,-0.0869342637533,0.0,401.9422053528051,401.6507709150577,400.44005012126985,400.20156642071436
0.7200000000000003,0.0150415375881,-0.015663425192,10.7270113039,6.27194099644,6.24623105062,0.0,0.0971926443337,-0.0583779789323,1.87359513536,-0.00888142227923,-0.0946691226344,0.0,487.69869271106387,487.1147494509981,486.21447825540116,486.5650466175795
0.7800000000000004,0.021726831698,-0.0194203917045,10.8442210059,6.27177796442,6.24017355104,0.0,0.126285169596,-0.066887072884,2.03309716792,0.00740225152557,-0.118098342324,0.0,460.21113641759814,458.3442239418861,457.9520995850394,459.24548661881886
0.8400000000000004,0.0302708872496,-0.0236807651874,10.9703596735,6.27215971227,6.23343326465,0.0,0.15924713619,-0.0750777067716,2.17123651545,0.0041972063308,-0.10278191165,0.0,452.0066945276967,453.2281794681513,453.6189906713391,453.36145407425346
0.9000000000000005,0.040964016282,-0.02843013054,11.1053232502,6.27297455319,6.22691533859,0.0,0.19786957717,-0.0831669796502,2.32720504779,0.0277317968119,-0.124110961056,0.0,459.6459352847155,457.9422651339476,458.50218096311505,460.3679734244275
0.9600000000000005,0.0537168418125,-0.033571562204,11.2425688251,6.27429609742,6.22005374288,0.0,0.227769187392,-0.0881002270171,2.24777279346,0.00705084427486,-0.0997989124721,0.0,380.5198250585256,382.82561542935935,382.92925002063976,380.9569916692195
1.0200000000000005,0.0688419594175,-0.0390568583146,11.3824609045,6.27528235227,6.21371616482,0.0,0.277063778358,-0.094655736614,2.41490695019,0.0305921779231,-0.121022680401,0.0,464.4487115648057,462.77164883479713,461.4491485712021,463.30362425898556
1.0800000000000005,0.0869686824186,-0.0448962675434,11.5308933969,6.27753146284,6.20655943104,0.0,0.327894351924,-0.0997727545728,2.53252743251,0.0485738703415,-0.116004434957,0.0,448.4045886506879,448.7993814424072,447.9938276841226,449.45413944812617
1.1400000000000006,0.108182565187,-0.0509839719472,11.6849237603,6.28019926393,6.1993738941,0.0,0.379908245943,-0.102876526321,2.60159915186,0.0346232844299,-0.128577000261,0.0,434.30703651265526,433.2378209024124,434.76123630958585,433.591974735391
1.2000000000000006,0.132736251955,-0.0572099031197,11.8439727706,6.28280881809,6.19228651106,0.0,0.439272353402,-0.104411466866,2.69972941923,0.0570395177988,-0.102778376092,0.0,442.68284812651166,444.7876091138922,442.7866950129453,444.62796473033154
1.2600000000000007,0.1612951805,-0.0634683569512,12.0121788226,0.00346244730678,6.18605766173,0.0,0.513370519154,-0.103773537636,2.90654869702,0.0751338160783,-0.105968774456,0.0,477.10632609829895,476.8540941828851,477.1006918379851,478.4827811398113
1.3200000000000007,0.194337378118,-0.0695977106413,12.1916492863,0.00786262381666,6.17931889175,0.0,0.588715873529,-0.100041382328,3.07526372838,0.0694765925795,-0.129666135585,0.0,468.145092123175,466.2866125534156,467.60697273520543,467.169949267553
1.3800000000000008,0.232269099029,-0.0753874754676,12.3832160205,0.0116253292407,6.17124865377,0.0,0.676561301364,-0.0924681666497,3.30950670756,0.0436171291067,-0.146539862199,0.0,488.60936593356786,487.33461768957005,488.3240294665886,486.39353156850046
1.4400000000000008,0.275002586968,-0.0807087273616,12.5829221853,0.0141349602446,6.16211751221,0.0,0.748695659743,-0.0846718742091,3.34712589039,0.0379839063916,-0.166921900853,0.0,430.85642582342314,429.1065588846281,428.42827497602383,427.9500356709976
1.5000000000000009,0.322323811538,-0.0855057205066,12.7855571892,0.0158415911766,6.15268737099,0.0,0.82957543962,-0.0750235348227,3.40703880115,-0.0091327276263,-0.142610222876,0.0,435.22843316209867,437.2341226810647,439.48233919336303,435.55959447967393
1.560000000000001,0.37489916922,-0.0896751552326,12.9934465788,0.0153928953119,6.14386993127,0.0,0.92377946571,-0.0640169544889,3.52208961224,-0.00435914372703,-0.157482677583,0.0,455.920666128884,454.71090784809013,454.49758151218776,454.8801388343834
1.620000000000001,0.432828143679,-0.0932452718893,13.2047861206,0.0154164426192,6.13429719192,0.0,1.00800003724,-0.0549982827782,3.52239239353,0.00851504921246,-0.164022165729,0.0,418.9451927625912,418.3502166113662,419.04319698448796,420.16091201993953
1.680000000000001,0.496102308851,-0.0962592886823,13.4169316367,0.0159237372001,6.12425783304,0.0,1.10201174623,-0.0454266063628,3.54884412519,0.00833435671553,-0.174899371654,0.0,428.6840147601626,427.7305893449722,428.29147736953,428.2759915368286
1.740000000000001,0.56631823513,-0.0985793258002,13.637513842,0.0168298927644,6.1140796818,0.0,1.23964686208,-0.0318347306122,3.80277799442,0.0260294568515,-0.160782804501,0.0,497.90786509118425,498.91527219862985,497.62986049195456,498.9233998804141
1.8000000000000012,0.64446828079,-0.100114312024,13.8699566067,0.0183177274815,6.10449309859,0.0,1.36628012339,-0.0191793229006,3.9445545238,0.0222116761928,-0.157838406208,0.0,467.67721693555774,467.8836576882537,467.6885491336739,467.3911418868099
1.8600000000000012,0.730393648079,-0.100861638212,14.1107092481,0.0198329646726,6.09479106097,0.0,1.4988002634,-0.00559255146037,4.07975776481,0.0307327189583,-0.170817112349,0.0,467.96808727066315,466.93300070443985,466.6985627984294,467.36329668527827
1.9200000000000013,0.824213779962,-0.10078766037,14.358150094,0.0216408759034,6.08455705735,0.0,1.6294593147,0.00822863838077,4.16763045627,0.0289024195152,-0.170071301117,0.0,455.1338541852278,455.16639737297464,453.45299989151226,453.30620164556314
1.9800000000000013,0.92549715814,-0.0999114251685,14.6079702828,0.0235480533885,6.07433343824,0.0,1.7474908807,0.0211305045585,4.15944097354,0.0370057957526,-0.171045330752,0.0,424.0430994735808,423.9300294364665,424.59554478341767,425.2906692564471
2.0400000000000014,1.0344943014,-0.0981758017975,14.8594060579,0.0258773921791,6.06424624259,0.0,1.88661986344,0.0369290058499,4.22116516125,0.0422272737204,-0.16283814166,0.0,447.268409713631,447.90951433751906,448.220611247632,448.6455280964132
2.1000000000000014,1.1531232251,-0.0953184518225,15.1193782689,0.0281931573584,6.05435756001,0.0,2.06859015551,0.0585738606813,4.44325818587,0.030112597054,-0.169076452815,0.0,497.40866751298313,496.92876133396067,499.0110654071256,498.12640405885566
2.1600000000000015,1.28159809818,-0.0912694491315,15.387054154,0.0300583977957,6.04372967119,0.0,2.21474706788,0.0765473557508,4.47872618334,0.0329685096,-0.202538859621,0.0,444.61830767765,441.8362501971706,443.8389969731878,444.0736881651256
2.2200000000000015,1.41949969123,-0.0860511275217,15.6586666692,0.0323222763919,6.03153616054,0.0,2.3830194313,0.0975851696188,4.57410676172,0.0458681990092,-0.204631924419,0.0,463.2364966870267,463.0331549971588,464.14300561254765,465.15501305824614
2.2800000000000016,1.56661851762,-0.0796651401053,15.9316161087,0.0353164029208,6.01931813068,0.0,2.5218779565,0.115502911071,4.5239512929,0.0569448849334,-0.20171205488,0.0,417.97374089883084,418.1846179592,417.7715770604927,418.7381387631965
2.3400000000000016,1.72306340935,-0.0720494013055,16.2044625606,0.0385006069277,6.00759334068,0.0,2.69390073883,0.138639799553,4.57017574179,0.0439071730676,-0.185126142264,0.0,451.24397247052667,452.5442091248796,450.6103552641463,449.55679890730687
2.4000000000000017,1.89027490898,-0.0629565703703,16.4808463392,0.0418543751385,5.99662945548,0.0,2.88067134051,0.164719413338,4.64172140469,0.0728742544384,-0.178333437001,0.0,461.3569489399359,461.86203715622537,458.64605236125965,460.94311488460977
2.4600000000000017,2.07025737694,-0.0520338131102,16.7660466024,0.0462154835018,5.986899067,0.0,3.11949601084,0.199824064995,4.86325638323,0.0723044110989,-0.141309604655,0.0,506.8689983532043,509.50056610665683,507.54839217532503,507.51085813978125
2.520000000000002,2.26303174397,-0.0391700038251,17.0587674498,0.0501685885082,5.97847023851,0.0,3.30687457866,0.229321982269,4.89341284173,0.0482204755937,-0.138873550092,0.0,453.2129786765204,453.3908433543265,453.2609851292797,451.323966774511
2.580000000000002,2.46671205715,-0.0245462234641,17.3517441378,0.0525508612918,5.96976518482,0.0,3.48302609164,0.258346786535,4.87203806542,0.0113491986412,-0.161908788269,0.0,439.27674741212337,437.34149460104993,437.7934587050344,434.714867453351
2.640000000000002,2.6812638852,-0.00812281212893,17.6439045675,0.0533773654285,5.95988409784,0.0,3.66934967705,0.289134586312,4.86605393968,0.0182319160821,-0.170902580628,0.0,443.1390570617587,442.3729002798706,443.9558085799574,444.52017474654156
2.700000000000002,2.90832582915,0.0103473695586,17.9391321212,0.0545609316035,5.94914866459,0.0,3.90003912306,0.326586145351,4.97357225776,0.0225582780877,-0.20413727765,0.0,482.6863457713413,480.1418411423488,480.84828233182185,481.1759025909544
2.760000000000002,3.1477459993,0.030820519299,18.235890327,0.0561285722754,5.93719170366,0.0,4.08143768782,0.355941964541,4.91789804467,0.0324492928997,-0.191021752993,0.0,430.52944469816083,431.5975650337853,430.26939561236827,431.10630019848844
2.820000000000002,3.3986840364,0.0531505768913,18.5305253149,0.0582208827834,5.92560662681,0.0,4.28389081872,0.388523570392,4.90254171928,0.0393222978512,-0.197559407226,0.0,446.39173298190843,445.8215430584665,445.03682666617436,445.59966180327916
2.880000000000002,3.66240323512,0.077539715922,18.8253813655,0.0604365890874,5.91412771583,0.0,4.50744681668,0.424595533266,4.92498710361,0.0316515719314,-0.181101641666,0.0,458.9184605563473,460.18862278827476,460.58209855316437,459.97548392476
2.940000000000002,3.9390756074,0.104027382129,19.1198613542,0.0620028923046,5.90286178281,0.0,4.71560059887,0.458429683592,4.89034177817,0.0116948028524,-0.206399691292,0.0,444.59258831688834,442.47936330338234,443.3942162992614,441.7514036781003
3.000000000000002,4.22799120703,0.132499758063,19.4111749209,0.062930546985,5.89049822139,0.0,4.9156523836,0.490676967087,4.81956800254,0.0220919825332,-0.205388389291,0.0,432.08910155056486,432.1313210733051,431.8194637279316,432.6957660184496
3.0600000000000023,4.53117518199,0.16323663755,19.7032055361,0.0642980517111,5.87853421503,0.0,5.19107119447,0.533916521487,4.91315622723,0.0241556405059,-0.189535611211,0.0,487.55137437680423,488.69933445915035,487.6260037924455,487.78015468448586
3.1200000000000023,4.85149831733,0.196650381358,20.0016923946,0.0653424182689,5.86695656416,0.0,5.48680780338,0.579888949982,5.03454412396,-0.00163552233488,-0.200869544259,0.0,500.29836136597174,499.44035311107297,500.93011900293413,499.0506469044828
3.1800000000000024,5.18714453653,0.232444530401,20.3014472917,0.0652103933905,5.85447237545,0.0,5.70203061698,0.613195818775,4.9566633725,-0.00335491905688,-0.2290587911,0.0,440.14064550459597,437.7564714754953,438.31309252594957,438.17018346419326
3.2400000000000024,5.53603763202,0.27025325765,20.5968269094,0.064824189657,5.84068205226,0.0,5.92844523306,0.647014735976,4.88850399252,-0.0134497938007,-0.231442830044,0.0,444.4883836342675,444.24035111893704,443.28110342121465,442.4506526675707
3.3000000000000025,5.89790847639,0.309970984733,20.8863839764,0.064925150151,5.82646469345,0.0,6.13464917932,0.676855866482,4.76291966904,0.0216700965011,-0.251212474531,0.0,425.7747006490138,424.019901533728,423.54449443801195,426.555155861304
3.3600000000000025,6.27410824878,0.351714787781,21.1719420271,0.0661110321811,5.81120063865,0.0,6.40601629952,0.714611333674,4.75422188471,0.0156524574321,-0.261674777578,0.0,467.94493877005704,467.067882392103,467.64989153344493,467.1807491274445
3.4200000000000026,6.66968907644,0.396104518915,21.4624310252,0.0670759837534,5.79496610679,0.0,6.78049662725,0.764950406754,4.92576775263,0.0169290516377,-0.30159435256,0.0,529.0588688991811,526.2388818653174,528.5496118170437,528.6374658298557
3.4800000000000026,7.08560627444,0.44321303087,21.7584197362,0.0680807438852,5.77797199847,0.0,7.08409423348,0.805282059955,4.93851463488,0.0163773857485,-0.260593328046,0.0,483.6290431686762,486.63186938518766,483.75073203582497,483.70906791907476
3.5400000000000027,7.51761838959,0.492458183263,22.0507632384,0.0703154060148,5.76214272457,0.0,7.3169784031,0.8362824241,4.80546394804,0.0617881488797,-0.271198229276,0.0,438.97649979365366,438.0238979309021,435.3522233544559,439.13718222358284
3.6000000000000028,7.96874638767,0.544201233295,22.3435997158,0.0737878467972,5.74534708534,0.0,7.72081429682,0.88863866379,4.9524404376,0.0485998791108,-0.309634658053,0.0,535.3782312305335,532.6887532983671,534.2573007303251,533.3587900135899
3.660000000000003,8.43836935127,0.598393414871,22.634975237,0.0763604442337,5.72681360379,0.0,7.93410400668,0.917876681788,4.75943271554,0.0278439220559,-0.307448476738,0.0,425.0304441997364,425.11570900695824,425.2074978206221,423.42601568263234
3.720000000000003,8.92015635787,0.654259306921,22.9133729263,0.0783395606782,5.70809901578,0.0,8.12630436755,0.944384066673,4.52018782801,0.0416725345092,-0.322758072463,0.0,408.5629813186022,407.0855499515162,407.39509801034546,408.6307065145506
3.780000000000003,9.41359130189,0.711724750951,23.177264861,0.0813967245255,5.68902491383,0.0,8.32234566713,0.97123719784,4.27582665625,0.0649804689936,-0.309645805048,0.0,405.9615449377976,407.02297143432855,406.0680974071636,408.156254211497
3.840000000000003,9.91924874641,0.770863658511,23.4268569318,0.085107488204,5.67034523219,0.0,8.53360206067,1.00020929667,4.04336615896,0.0546996001845,-0.314914329635,0.0,412.873947585914,412.3013744680631,413.6472263172534,412.74355279488725
3.900000000000003,10.4396358672,0.831999605449,23.6650819963,0.0882668137365,5.65103528274,0.0,8.81308133502,1.03773323884,3.89602419389,0.0482186778698,-0.341516548387,0.0,450.1714940672548,447.9064724327975,448.7802970038312,448.25552705670316
3.960000000000003,10.9795848856,0.895723846121,23.8978100125,0.0908611060719,5.63073083844,0.0,9.18535658576,1.08637949836,3.85883500357,0.0307324267349,-0.332834229079,0.0,493.91961583929475,494.45466466915747,494.08596773747695,492.7954938267339
4.020000000000002,11.5393013878,0.962048476058,24.1244112787,0.0927698402138,5.61061093303,0.0,9.4721904533,1.12440184223,3.69296555122,0.0338884511021,-0.340846252442,0.0,451.8866315121177,451.1263580324346,452.3276225184722,452.5821499522222
4.080000000000001,12.1143663549,1.03042370598,24.3383509266,0.0952779368474,5.59011077121,0.0,9.69716730699,1.154796859,3.43754712753,0.0541897155396,-0.343363415958,0.0,418.6183991354137,418.2712207944494,418.7373429055304,420.50143336895025
4.14,12.7059918596,1.10096950715,24.5403193145,0.098435752544,5.56970974803,0.0,10.0237092412,1.19672690091,3.29265532634,0.049314501187,-0.334063334293,0.0,466.95785605647603,467.5703667141241,468.1479328243152,467.76994156160623
4.199999999999998,13.3189844978,1.17423003996,24.7352072854,0.101047737715,5.54974718812,0.0,10.4090009329,1.24521029758,3.20086846115,0.0282908591048,-0.330137289214,0.0,493.0797381419217,493.2682208555951,495.3817264858869,493.83363273480154
4.259999999999997,13.9508092608,1.24990787997,24.9194350141,0.102683051488,5.53028424958,0.0,10.6520344126,1.2773465448,2.93908073491,0.02509941694,-0.314848820737,0.0,430.78007600245405,431.9599357154176,430.2896387744017,430.0194565399977
4.319999999999996,14.600187172,1.3278254154,25.0908574264,0.103992790369,5.51103456779,0.0,10.9934780796,1.31975712417,2.77291998711,0.0143205978094,-0.336739124557,0.0,475.6227303890298,473.84337052989645,475.47661204422786,474.64976365381824
4.379999999999995,15.266775892,1.40791588937,25.2486495831,0.104336937326,5.49087251787,0.0,11.2262772124,1.34983731322,2.48589910189,-0.0231102303421,-0.334664151271,0.0,428.44975873287996,428.5056858165244,428.6329983369102,425.4385563169079
4.439999999999993,15.9471596225,1.48976610257,25.3888466627,0.102766208199,5.47071826026,0.0,11.4532704077,1.37832442624,2.18650237055,-0.033155993209,-0.338499734867,0.0,424.9879268164769,424.537225081441,425.23669479868073,424.37466720058194
4.499999999999992,16.6441396897,1.57357261262,25.5136811547,0.101220632212,5.45048603038,0.0,11.778821346,1.41489842006,1.972688793,-0.0140201425927,-0.334737301861,0.0,467.04335846975715,467.2261359712902,466.9371472179749,468.42809782327737
4.559999999999991,17.3568345426,1.65917571705,25.6219754429,0.100127558888,5.43071496922,0.0,11.9777616995,1.43841719128,1.63656710891,-0.0283156316473,-0.320738256187,0.0,413.7972000834544,414.9081293548465,415.58963616565813,414.3340792366387
4.6199999999999894,18.0849009942,1.74645959395,25.7129509307,0.098195585164,5.41148619766,0.0,12.2903752806,1.47075042053,1.39423772011,-0.0413902605203,-0.319968422921,0.0,463.7709455630145,463.7310280356336,462.68157896533825,461.6502243654389
4.679999999999988,18.8309154164,1.83556861794,25.7885023817,0.095706846183,5.39268369856,0.0,12.5760909157,1.49926289319,1.12273145709,-0.0416569720027,-0.30270335013,0.0,453.5607630793244,454.84749684135693,454.4016625194264,454.37940026754023
4.739999999999987,19.5941449577,1.92634838433,25.8476600791,0.0937373549651,5.37418853765,0.0,12.8640731065,1.52646289459,0.847804551644,-0.0193211589232,-0.322622316376,0.0,458.0170431969749,456.33437559281947,456.2346654585216,458.01492259124547
4.799999999999986,20.3804145715,2.01913873572,25.8946008704,0.0929705839482,5.35447435795,0.0,13.3425723085,1.56612514897,0.713377957453,-0.00215271279745,-0.344361473471,0.0,529.5845315486004,527.9937802906911,527.3076090975653,528.4929051116087
4.859999999999984,21.1899318649,2.11388467172,25.9290793281,0.0933832206454,5.33394378449,0.0,13.6401792789,1.59187790409,0.434059425691,0.0206173260079,-0.338140505909,0.0,469.2820774137447,469.6514266940462,470.0394532364572,471.80160578390337
4.919999999999983,22.0155727136,2.21004193025,25.9453759214,0.0950151574332,5.31395546722,0.0,13.8803326753,1.61327196401,0.107916026975,0.0378778458348,-0.32467235728,0.0,451.18701196092496,452.1614979722941,450.8337341913964,452.2271351661935
4.979999999999982,22.8546972938,2.30741878076,25.9413529322,0.0975617149099,5.29499111016,0.0,14.089768594,1.63259085001,-0.242892010001,0.0502866856376,-0.302873071443,0.0,441.194058242108,442.88783057480737,441.68574281734345,442.70950432864004
5.0399999999999805,23.7058919906,2.40592835257,25.9158885835,0.100111679452,5.2766116721,0.0,14.2827048349,1.6510563758,-0.606575688183,0.0185222490328,-0.314292270792,0.0,438.46620050057277,437.41833366068903,438.81175985761877,436.16627702662856
