100 4 3 4 6 3 5 2 6 2 8 10 5 2 8 4 8 1 3 5 8 3 10 8 7 10 9 6 9 5 1 3 10 5 6 7 10 2 8 5 6 5 4 10 8 3 5 7 6 8 1 3 10 2 10 8 2 10 3 2 4 5 4 5 2 2 1 1 3 8 5 8 4 10 9 3 5 4 9 10 1 2 2 2 3 3 1 6 2 5 8 8 9 3 2 10 4 3 2 9 2
1 1 3 3 
0.52 0.57 0.70
0.40 0.87 0.56
0.4 0.30 0.76
0.16 0.79 0.24
0.49 0.80 0.43 0.22
0.41 0.6 0.89 0.66
0.13 0.26 0.80 0.79
0.30 0.62 0.26 0.94 0.47 0.4
0.53 0.98 0.59 0.23 0.36 0.46
0.78 0.37 0.75 0.52 0.50 0.52
0.75 0.98 0.32 0.18 0.18 0.72
0.22 0.8 0.37
0.34 0.33 0.17
0.11 0.60 0.78
0.36 0.54 0.23
0.40 0.7 0.22
0.98 0.27 0.55
0.42 0.3 0.92 0.17 0.54
0.40 0.68 0.29 0.39 0.98
0.45 0.54 0.68 0.64 0.61
0.5 0.95
0.91 0.19
0.6 0.52
0.94 0.39
0.4 0.18
0.76 0.11 0.39 0.72 0.35 0.91
0.14 0.38 0.81 0.28 0.89 0.22
0.94 0.17
0.58 0.92
0.61 0.12
0.60 0.23
0.73 0.63
0.18 0.62
0.81 0.21 0.14 0.74 0.59 0.18 0.91 0.34
0.26 0.28 0.6 0.58 0.19 0.20 0.93 0.1
0.45 0.83 0.20 0.39 0.99 0.77 0.31 0.58 0.88 0.89
0.80 0.59 0.52 0.95 0.22 0.31 0.16 0.33 0.5 0.72
0.48 0.93 0.6 0.71 0.21 0.12 0.30 0.38 0.29 0.23
0.38 0.71 0.4 0.55 0.11 0.3 0.32 0.39 0.60 0.18
0.28 0.38 0.77 0.77 0.33 0.96 0.7 0.46 0.27 0.9
0.19 0.75 0.3 0.22 0.44 0.23 0.31 0.73 0.58 0.59
0.94 0.93 0.29 0.97 0.48 0.39 0.98 0.79 0.75 0.58
0.97 0.4 0.94 0.72 0.78 0.25 0.66 0.84 0.71 0.92
0.93 0.87 0.65 0.93 0.9
0.10 0.14 0.40 0.82 0.72
0.96 0.74 0.65 0.25 0.72
0.14 0.61 0.70 0.92 0.37
0.26 0.87 0.38 0.18 0.59
0.16 0.43 0.23 0.98 0.14
0.16 0.89 0.98 0.78 0.82
0.7 0.87 0.95 0.44 0.68
0.65 0.39 0.42 0.31 0.61
0.12 0.44 0.23 0.81 0.34
0.59 0.6
0.20 0.94
0.23 0.76
0.8 0.65
0.99 0.6
0.76 0.15 0.92 0.72 0.92 0.72 0.79 0.78
0.66 0.21 0.46 0.31 0.59 0.85 0.61 0.21
0.97 0.3 0.41 0.76
0.35 0.97 0.81 0.54
0.91 0.5 0.30 0.98
0.67 0.27 0.3 0.42
0.41 0.94 0.14 0.32
0.65 0.90 0.8 0.31
0.12 0.53 0.61 0.68
0.36 0.21 0.86 0.33
0.21 0.27 0.10 0.53 0.24 0.88 0.7 0.13
0.92 0.35 0.10 0.58 0.61 0.12 0.99 0.1
0.4 0.11 0.30 0.68 0.2 0.37 0.98 0.11
0.87 0.58 0.78 0.23 0.78 0.65 0.54 0.96
0.89
0.63
0.50
0.12
0.51
0.56
0.24
0.42
0.88 0.33 0.97
0.50 0.44 0.94 0.48 0.46
0.5 0.77 0.14 0.6 0.12
0.11 0.16 0.98 0.68 0.92
0.19 0.46 0.57 0.72 0.42 0.44 0.33 0.89
0.55 0.82 0.46 0.79 0.22 0.32 0.10 0.19
0.79 0.52 0.13 0.27 0.97 0.15 0.2 0.9
0.21 0.11 0.19 0.34 0.7 0.86 0.26 0.26
0.30 0.80 0.95 0.70 0.25 0.27 0.59 0.77
0.9 0.3 0.54
0.28 0.35 0.64
0.46 0.14 0.16
0.56 0.39 0.11
0.70 0.38 0.19
0.88 0.49 0.38
0.23 0.55 0.22
0.46 0.78 0.52
0.25 0.74 0.22 0.49 0.1 0.80 0.24 0.7 0.83 0.78
0.34 0.16 0.42 0.77 0.27 0.55 0.31 0.65 0.65 0.1
0.4 0.83 0.87 0.52 0.19 0.8 0.5 0.41 0.53 0.83
0.92 0.77 0.55 0.12 0.24 0.53 0.91 0.48
0.57 0.72 0.24 0.90 0.87 0.65 0.65 0.15
0.18 0.95 0.77 0.82 0.93 0.78 0.63 0.80
0.28 0.82 0.87 0.33 0.23 0.39 0.14 0.13
0.14 0.68 0.24 0.36 0.19 0.13 0.81 0.75
0.83 0.5 0.63 0.70 0.67 0.28 0.82 0.84
0.23 0.58 0.66 0.14 0.36 0.29 0.94 0.64
0.9 0.79 0.94 0.31 0.16 0.8 0.43 0.28
0.73 0.64 0.63 0.91 0.77 0.44 0.66 0.60
0.46 0.29 0.28 0.13 0.54 0.9 0.94 0.74
0.64 0.58 0.87 0.99 0.86 0.79 0.61
0.95 0.57 0.55 0.24 0.72 0.60 0.65
0.99 0.33 0.29 0.60 0.22 0.4 0.2
0.85 0.61 0.47 0.14 0.89 0.57 0.67
0.95 0.51 0.39 0.59 0.9 0.27 0.56
0.93 0.6 0.18 0.86 0.62 0.70 0.10
0.33 0.29 0.72 0.30 0.59 0.99 0.88
0.81 0.3 0.89 0.66 0.64 0.37 0.78
0.51 0.93 0.43 0.44 0.43 0.82 0.3 0.51 0.9 0.58
0.44 0.12 0.73 0.30 0.72 0.44 0.38 0.3 0.70 0.8
0.30 0.29 0.7 0.18 0.10 0.8 0.8 0.74 0.71 0.44
0.52 0.20 0.35 0.94 0.63 0.77 0.74 0.63 0.27 0.82
0.21 0.70 0.92 0.92 0.98 0.64 0.34 0.34 0.64 0.4
0.41 0.93 0.32 0.48 0.12 0.42 0.55 0.19 0.14 0.24
0.60 0.65 0.41 0.94 0.57 0.2 0.70 0.32 0.64 0.96
0.12 0.82 0.64 0.2 0.74 0.62 0.63 0.8 0.93
0.27 0.11 0.35 0.21 0.43 0.80 0.32 0.82 0.35
0.48 0.95 0.56 0.8 0.58 0.96 0.99 0.13 0.97
0.69 0.44 0.59 0.63 0.54 0.41 0.28 0.55 0.14
0.87 0.17 0.21 0.81 0.43 0.30 0.16 0.63 0.70
0.95 0.92 0.50 0.28 0.38 0.43 0.83 0.45 0.1
0.77 0.43 0.13 0.72 0.12 0.55 0.31 0.73 0.7
0.69 0.1 0.59 0.82 0.87 0.75 0.2 0.68 0.17
0.29 0.83 0.77 0.98 0.76 0.70 0.48 0.4 0.8
0.88 0.86 0.51 0.88 0.61 0.93 0.98 0.33 0.3
0.51 0.61 0.73 0.55 0.31 0.73
0.15 0.11 0.61 0.87 0.12 0.27
0.4 0.40 0.9 0.81 0.36 0.84
0.49 0.81 0.86 0.54 0.69 0.70
0.3 0.55 0.32 0.93 0.52 0.64
0.94 0.3 0.24 0.67 0.56 0.54
0.41 0.68 0.64 0.99 0.55 0.74
0.24 0.57 0.12 0.32 0.36 0.48
0.15 0.84 0.27 0.1 0.36 0.96
0.70 0.39 0.49 0.2 0.32 0.1 0.64 0.26 0.2
0.87 0.91 0.57 0.39 0.32 0.25 0.3 0.29 0.77
0.74 0.52 0.32 0.86 0.82 0.67 0.34 0.96 0.51
0.60 0.94 0.87 0.54 0.64 0.24 0.4 0.64 0.55
0.4 0.28 0.79 0.3 0.13 0.70 0.59 0.51 0.99
0.81 0.51 0.26 0.57 0.26 0.75 0.88 0.12 0.57
0.56 0.43 0.51 0.5 0.1
0.45 0.91 0.55 0.8 0.13
0.56 0.71 0.66 0.57 0.96
0.43 0.60 0.9 0.13 0.19
0.59 0.10 0.98 0.8 0.35
0.55 0.33 0.10 0.43 0.42
0.65 0.98 0.84 0.14 0.4
0.85 0.57 0.92 0.38 0.64
0.6 0.93 0.35 0.69 0.50
0.31
0.12
0.8
0.39
0.22
0.27 0.95 0.31
0.23 0.3 0.63 0.77 0.34 0.70 0.20 0.75 0.35 0.17
0.60 0.47 0.18 0.43 0.4 0.10 0.78 0.67 0.13 0.69
0.2 0.79 0.17 0.30 0.90 0.25 0.66 0.12 0.51 0.59
0.42 0.71 0.61 0.3 0.48
0.94 0.73 0.65 0.68 0.6
0.79 0.28 0.52 0.96 0.68
0.55 0.5 0.46 0.22 0.15
0.15 0.21 0.94 0.31 0.48
0.84 0.55 0.14 0.94 0.4
0.72 0.34 0.74 0.32 0.37
0.20 0.24 0.10 0.83 0.91
0.15 0.62 0.17 0.67 0.59
0.84 0.20 0.61 0.28 0.40
0.75 0.40 0.58 0.69 0.69 0.7
0.52 0.22 0.18 0.46 0.24 0.88
0.79 0.95 0.18 0.14 0.16 0.41
0.23 0.98 0.31 0.38 0.58 0.47
0.3 0.15 0.30 0.22 0.75 0.55
0.59 0.51 0.95 0.18 0.18 0.62 0.24
0.67 0.83 0.39 0.11 0.7 0.27 0.90
0.1 0.44 0.4 0.16 0.83 0.25 0.12
0.14 0.60 0.67 0.58 0.62 0.82 0.85
0.81 0.57 0.41 0.41 0.6 0.36 0.56
0.22 0.97 0.77 0.88 0.78 0.16 0.99
0.83 0.41 0.87 0.83 0.82 0.88 0.96 0.65 0.13 0.6
0.76 0.72 0.72 0.33 0.32 0.52 0.18 0.12 0.10 0.58
0.50 0.13 0.91 0.6 0.34 0.86 0.82 0.23 0.65 0.95
0.20 0.46 0.36 0.7 0.29 0.19 0.92 0.25 0.81 0.6
0.28 0.56 0.75 0.97 0.88 0.6 0.50 0.4 0.17 0.59
0.62 0.64 0.69 0.51 0.69 0.4 0.38 0.49 0.24 0.1
0.44 0.41 0.46 0.80 0.47 0.74 0.96 0.37 0.96 0.77
0.42 0.22
0.33 0.16
0.19 0.19
0.21 0.68
0.23 0.37
0.25 0.82
0.1 0.94
0.33 0.67
0.97 0.70
0.16 0.19
0.68 0.57 0.59 0.14 0.37 0.4 0.85 0.33
0.40 0.81 0.9 0.80 0.3 0.39 0.95 0.22
0.58 0.16 0.87 0.78 0.50
0.13 0.60 0.50 0.7 0.92
0.15 0.2 0.61 0.30 0.20
0.29 0.84 0.76 0.43 0.22
0.79 0.28 0.52 0.17 0.8
0.58 0.96 0.8 0.97 0.91
0.27 0.53 0.5 0.15 0.31
0.54 0.27 0.88 0.4 0.33
0.78 0.16 0.32 0.39 0.43 0.51
0.66 0.28 0.25 0.7 0.49 0.4
0.32 0.98 0.18 0.39 0.55 0.15
0.45 0.50 0.4 0.71 0.3 0.9
0.83 0.31 0.62 0.10 0.19 0.64
0.40 0.96 0.79 0.71 0.34
0.23 0.20 0.99 0.50 0.44
0.4 0.96 0.45 0.35 0.92
0.63 0.72 0.47 0.77 0.17
0.96 0.80 0.85 0.96 0.88
0.69 0.27 0.49 0.76 0.43
0.13 0.17 0.40 0.91
0.85 0.71 0.14 0.6
0.68 0.61 0.47 0.71
0.57 0.92 0.6 0.50
0.55 0.77 0.94 0.30
0.91 0.89 0.10 0.75 0.85 0.96 0.44 0.13 0.45 0.18
0.55 0.57 0.32 0.92 0.46 0.18 0.63 0.58 0.21 0.31
0.19 0.67 0.2 0.74 0.57 0.6 0.22 0.12 0.82 0.16
0.39 0.72 0.5 0.47 0.47 0.90 0.41 0.88 0.1 0.85
0.6 0.53 0.40 0.38 0.46 0.83 0.53 0.7
0.41 0.71 0.36 0.60 0.36 0.35 0.34 0.93
0.40 0.55 0.3 0.21 0.68 0.42 0.90 0.71
0.86 0.37 0.59 0.27 0.25 0.59 0.12 0.28
0.12 0.49 0.63 0.55 0.32 0.16 0.60 0.71
0.84 0.95 0.31 0.21 0.30 0.62 0.12 0.68
0.15 0.12 0.86 0.80 0.53 0.76 0.51 0.37
0.13 0.10 0.63 0.35 0.66 0.72 0.62 0.78
0.19 0.26 0.31 0.49 0.39 0.90 0.20 0.22
0.85 0.48 0.42 0.14 0.8 0.51 0.79 0.22
0.62 0.65 0.99
0.14 0.41 0.51
0.50 0.53 0.58
0.14 0.85 0.25
0.85 0.47 0.1
0.3 0.70 0.29
0.51 0.8 0.20
0.70 0.29 0.3
0.18 0.68 0.14 0.25 0.19
0.92 0.44 0.80 0.57 0.43
0.91 0.97 0.91 0.42 0.48
0.48 0.53 0.33 0.70 0.38 0.78 0.70
0.38 0.46 0.96 0.88 0.53 0.16 0.58
0.79 0.17 0.75 0.45 0.30 0.97 0.61
0.23 0.41 0.40 0.77 0.82 0.31 0.75
0.71 0.72 0.23 0.19 0.25 0.54 0.88
0.61 0.32 0.56 0.98 0.75 0.53
0.87 0.27 0.66 0.43 0.6 0.82
0.17 0.49 0.11 0.14 0.10 0.31
0.53 0.49 0.8 0.33 0.80 0.82
0.4 0.50 0.4 0.23 0.75 0.55
0.9 0.34 0.84 0.65 0.32 0.59
0.16 0.17 0.85 0.81 0.60 0.89
0.62 0.76 0.38 0.70 0.87 0.47 0.1 0.38
0.94 0.8 0.70 0.74 0.88 0.74 0.24 0.89
0.94 0.96 0.44 0.3 0.30 0.28 0.65 0.60
0.84 0.80 0.76 0.70 0.62 0.34 0.59 0.22
0.8 0.94 0.91 0.95 0.39 0.91 0.33 0.33
0.96 0.2 0.5 0.84 0.73 0.29 0.73 0.65
0.23
0.15
0.67
0.53
0.40
0.31
0.13
0.25
0.11 0.86 0.94
0.70 0.19 0.51 0.91 0.26 0.45 0.82 0.21 0.81 0.71
0.52 0.15 0.68 0.51 0.19 0.50 0.24 0.45 0.22 0.88
0.68 0.36 0.53 0.19 0.74 0.83 0.29 0.98 0.94 0.13
0.90 0.64
0.31 0.41
0.54 0.57
0.83 0.34
0.75 0.64
0.6 0.25
0.76 0.71
0.75 0.93
0.19 0.98
0.38 0.40
0.84 0.4 0.74 0.36 0.20 0.46 0.19 0.46 0.44 0.11
0.59 0.34 0.73 0.89 0.74 0.25 0.44 0.55 0.58 0.20
0.17 0.61 0.44 0.93 0.32 0.20 0.86 0.49
0.16 0.22 0.86 0.98 0.24 0.58 0.34 0.43
0.4 0.50 0.87 0.47 0.59 0.46 0.80 0.32
0.33 0.52 0.56 0.77 0.5 0.12 0.96 0.22
0.73 0.38 0.15 0.5 0.57 0.98 0.51 0.71
0.20 0.38 0.69 0.41 0.95 0.3 0.82 0.99
0.50 0.69 0.44 0.9 0.13 0.25 0.40 0.45
0.74 0.93 0.22 0.77 0.6 0.16 0.98 0.78
0.54 0.11 0.80 0.9 0.9 0.32 0.79 0.26
0.67 0.46 0.65 0.62 0.46 0.47 0.59 0.96
0.14 0.4
0.5 0.26
0.26 0.43
0.70 0.97
0.36 0.92
0.74 0.39
0.6 0.72
0.15 0.59
0.80 0.93 0.66 0.88 0.23 0.43 0.13 0.89 0.89 0.77
0.49 0.35 0.22 0.9 0.29 0.35 0.12 0.34 0.60 0.35
0.74 0.30 0.32
0.10 0.20 0.7
0.47 0.26 0.76
0.61 0.82 0.57
0.52 0.46 0.43
0.74 0.89 0.55
0.63 0.76 0.30
0.11 0.9 0.51
0.19 0.38 0.83
0.28 0.69 0.43
0.62 0.43
0.71 0.91
0.50 0.90
0.97 0.96 0.14 0.72
0.56 0.94 0.29 0.8
0.40 0.71 0.82 0.27 0.25
0.43 0.3 0.52 0.53 0.12
0.2 0.69 0.49 0.84 0.94
0.18 0.26 0.54 0.60 0.96
0.46 0.10 0.84 0.41
0.5 0.96 0.13 0.60
0.90 0.39 0.65 0.28
0.9 0.45 0.55 0.33
0.88 0.57 0.82 0.39
0.68 0.83 0.7 0.15 0.68
0.1 0.30 0.91 0.55 0.89
0.87 0.1 0.97 0.69 0.41
0.99 0.65 0.52 0.59 0.53
0.90 0.22
0.81 0.98
0.67 0.36
0.29 0.53
0.90 0.12
0.91 0.57
0.94 0.97
0.71
0.60
0.96
0.2 0.49 0.51
0.88 0.36 0.51 0.83 0.4 0.89 0.82 0.66
0.39 0.39 0.20 0.30 0.61 0.98 0.26 0.28
0.32 0.55 0.80 0.22 0.64 0.69 0.78 0.56
0.65 0.48 0.15 0.61 0.49
0.63 0.12 0.35 0.97 0.60
0.19 0.1 0.47 0.1 0.66
0.86 0.38 0.83 0.16 0.98
0.81 0.39 0.24 0.13 0.91
0.4 0.35 0.55 0.70 0.11
0.12 0.35 0.58 0.26 0.95
0.5 0.88 0.5 0.40 0.85
0.64 0.56 0.83 0.12 0.54 0.48 0.97 0.91
0.31 0.11 0.89 0.13 0.47 0.13 0.25 0.39
0.14 0.57 0.93 0.84 0.66 0.3 0.17 0.22
0.26 0.13 0.27 0.13 0.17 0.64 0.95 0.79
0.20 0.79 0.88 0.71 0.27 0.83 0.63 0.57
0.91 0.50 0.67 0.38
0.61 0.90 0.76 0.74
0.47 0.68 0.56 0.11
0.68 0.73 0.33 0.94
0.83 0.59 0.7 0.97
0.21 0.2 0.74 0.40
0.78 0.62 0.9 0.3
0.43 0.71 0.60 0.34
0.20 0.27 0.72 0.80 0.15 0.46 0.52 0.62 0.14 0.7
0.70 0.82 0.79 0.3 0.74 0.60 0.59 0.78 0.57 0.79
0.77 0.32 0.17 0.56 0.93 0.26 0.58 0.35 0.94 0.16
0.68 0.14 0.41 0.38 0.93 0.55 0.84 0.44 0.15 0.95
0.50 0.85 0.75 0.29 0.87 0.49 0.88 0.45 0.27
0.43 0.24 0.3 0.74 0.39 0.58 0.66 0.64 0.14
0.1 0.58 0.30 0.68 0.70 0.68 0.7 0.63 0.23
0.88 0.7 0.38 0.83 0.56 0.21 0.59 0.82 0.8
0.6 0.68 0.52 0.31 0.12 0.74 0.33 0.83 0.13
0.88 0.49 0.74 0.2 0.47 0.30 0.29 0.16 0.99
0.96 0.20 0.63 0.18 0.6 0.67 0.55 0.88 0.22
0.75 0.45 0.2 0.80 0.49 0.68 0.31 0.79 0.79
0.5 0.10 0.62 0.15 0.95 0.10 0.88 0.96 0.56
0.18 0.24 0.69 0.18 0.18 0.88 0.78 0.35 0.93
0.43 0.87 0.80
0.62 0.60 0.23
0.64 0.41 0.71
0.32 0.69 0.48
0.9 0.71 0.55
0.68 0.85 0.50
0.77 0.71 0.47
0.34 0.88 0.68
0.1 0.4 0.85
0.87 0.81 0.21 0.78 0.23
0.8 0.58 0.84 0.66 0.81
0.46 0.7 0.50 0.75 0.73
0.98 0.83 0.44 0.53
0.50 0.27 0.4 0.27
0.97 0.48 0.58 0.85
0.14 0.59 0.89 0.98
0.46 0.68 0.17 0.24
0.90 0.23 0.80 0.73 0.88 0.59 0.19 0.94 0.9
0.92 0.65 0.5 0.75 0.9 0.56 0.23 0.33 0.59
0.50 0.30 0.5 0.6 0.13 0.18 0.62 0.2 0.14
0.6 0.68 0.31 0.28 0.56 0.53 0.8 0.27 0.41
0.64 0.46 0.33 0.70 0.38 0.97 0.75 0.11 0.4 0.31
0.34 0.36 0.87 0.81 0.65 0.89 0.84 0.77 0.5 0.47
0.77 0.18 0.52 0.43 0.48 0.77 0.98 0.1 0.82 0.26
0.39 0.46 0.69 0.71 0.17 0.5 0.68 0.89 0.13 0.69
0.18 0.44 0.5 0.5 0.23 0.67 0.91 0.8 0.43 0.95
0.52 0.20 0.13 0.2 0.60 0.61 0.79 0.56 0.59 0.61
0.79 0.98 0.6 0.46 0.69 0.20 0.50 0.36 0.9 0.61
0.5 0.26 0.3 0.8 0.28 0.26 0.74 0.19 0.31 0.17
0.14 0.82 0.34 0.24 0.83 0.93 0.84 0.60 0.50 0.42
0.22
0.27
0.40
0.27
0.73
0.7
0.44
0.23
0.40
0.52
0.81 0.45
0.75 0.84
0.50 0.3
0.8 0.24
0.19 0.38
0.39 0.30 0.20
0.72 0.53 0.1
0.64 0.36 0.61
0.12 0.77 0.80
0.38 0.15 0.5
0.11
0.19
0.48
0.32 0.59 0.99 0.13 0.2 0.74
0.94 0.51
0.74 0.2
0.74 0.92
0.39 0.11
0.22 0.56
0.83 0.74
0.57 0.47 0.8 0.16 0.56
0.84 0.95 0.93 0.96 0.99
0.5 0.16 0.47 0.36 0.74 0.44 0.48 0.75
0.18 0.43 0.24 0.89 0.42 0.95 0.81 0.81
0.7 0.1 0.35 0.89 0.72 0.89 0.34 0.80
0.5 0.89 0.62 0.99 0.82 0.59 0.98 0.84
0.74 0.43 0.20 0.46 0.86 0.66 0.19 0.2
0.7 0.42 0.90 0.48 0.37 0.69 0.27 0.43
0.69 0.60 0.30 0.40 0.49 0.61 0.18 0.54
0.50 0.79 0.53 0.31 0.36 0.50 0.15 0.8
0.92 0.33 0.53 0.77 0.96 0.69 0.78 0.1
0.11 0.69 0.48 0.46 0.38 0.73 0.86 0.6
0.33 0.17 0.45 0.79 0.77 0.60 0.33 0.26
0.39 0.84 0.54 0.75 0.32 0.66 0.80 0.22
0.96 0.32 0.98 0.92 0.1 0.77 0.92 0.10
0.46 0.39 0.53 0.81 0.10 0.39 0.86 0.42 0.53
0.29 0.21 0.29 0.88 0.52 0.54 0.26 0.34 0.6
0.98 0.65 0.71 0.78 0.86 0.68 0.10 0.85 0.58
0.11 0.62 0.51 0.18 0.6 0.87 0.70 0.86 0.96
0.9 0.71 0.36 0.62 0.99 0.54 0.90 0.86 0.6
0.42 0.12 0.39 0.47 0.10 0.2 0.16 0.87 0.88
0.83 0.95 0.71 0.40 0.4 0.31 0.90 0.21 0.36
0.77 0.90 0.20 0.73 0.96 0.90 0.7 0.56 0.88
0.60 0.44 0.74
0.66 0.85 0.85
0.3 0.30 0.92
0.5 0.46 0.79
0.90 0.27 0.72
0.61 0.66 0.75
0.91 0.54 0.95
0.27 0.31 0.83
0.44 0.2 0.78
0.35 0.8
0.34 0.23
0.66 0.78
0.94 0.32 0.61 0.77 0.32 0.91 0.69 0.34 0.35 0.46
0.24 0.59 0.19 0.84 0.26 0.93 0.75 0.79 0.87 0.99
0.9 0.70 0.44 0.8
0.48 0.76 0.14 0.80
0.96 0.79 0.58 0.90
0.9 0.17 0.67 0.38
0.8 0.34 0.72 0.40
0.79 0.95 0.99 0.97
0.78 0.23 0.91 0.51
0.99 0.76 0.51 0.6
0.46 0.92 0.14 0.92
0.68 0.25 0.72 0.64
0.2 0.28 0.52
0.10 0.44 0.17
0.45 0.50 0.50
0.17 0.87 0.29
0.11 0.86
0.27 0.86
0.9 0.16
0.37 0.7 0.91 0.87 0.12 0.35 0.79 0.25 0.25
0.45 0.47 0.96 0.9 0.48 0.22 0.58 0.55 0.66
0.74 0.1
0.14 0.24
0.15 0.1
0.53 0.23
0.85 0.77
0.9 0.93
0.90 0.46
0.99 0.81
0.31 0.12
